3
2, 400, 0, 2, 15, 2
0, 0, 0, 0, 0, 600, 7, 0, 1, 25, 1, 0, 0, true, false, 0, 0
400, 200, 120
700, 400, 0
3.5
3, 240, 0, 2, 15, 2
0, 0, 0, 0, 0, 600, 7, 0, 1, 25, 1, 0, 0, true, false, 0, 0
240, 200, 120
700, 300, 0
4
2, 300, 0, 2, 15, 2
0, 0, 0, 0, 0, 600, 7, 0, 1, 25, 1, 0, 0, true, false, 0, 0
280, 180, 120
0, 400, 0
4.5
3, 450, 0, 2, 15, 2
0, 0, 0, 0, 0, 600, 7, 0, 1, 25, 1, 0, 0, true, false, 0, 0
430, 200, 120
0, 300, 0
5
2, 230, 0, 2, 15, 2
0, 0, 0, 0, 0, 600, 7, 0, 1, 25, 1, 0, 0, true, false, 0, 0
210, 210, 120
700, 200, 0
5.5
3, 470, 0, 2, 15, 2
0, 0, 0, 0, 0, 600, 7, 0, 1, 25, 1, 0, 0, true, false, 0, 0
480, 210, 120
700, 500, 0
6
2, 350, 0, 2, 15, 2
0, 0, 0, 0, 0, 600, 7, 0, 1, 25, 1, 0, 0, true, false, 0, 0
380, 210, 120
700, 320, 0
6.5
3, 420, 0, 2, 15, 2
0, 0, 0, 0, 0, 600, 7, 0, 1, 25, 1, 0, 0, true, false, 0, 0
410, 210, 120
700, 270, 0
7
2, 600, 0, 2, 15, 2
0, 0, 0, 0, 0, 600, 7, 0, 1, 25, 1, 0, 0, true, false, 0, 0
630, 300, 120
700, 350, 0
7.5
3, 480, 0, 2, 15, 2
0, 0, 0, 0, 0, 180, 7, 0, 1, 25, 1, 0, 0, true, false, 0, 0
480, 410, 120
700, 500, 0
10
4, 200, 0, 2, 100, 3
0, 4, 0, 0, 0, 300, 6, 0, 1, 1, 8, 1, 45, false, true, 45, 0
200, 300, 120
0, 500, 0
10
4, 450, 0, 2, 100, 3
0, 4, 0, 0, 0, 300, 6, 0, 1, 1, 8, 1, 45, false, true, 45, 0
450, 300, 120
700, 500, 0
20
4, 150, 0, 2, 15, 2
0, 4, 0, 0, 120, 150, 5, 0, 30, 1, 1, 3, 1, true, false, 0, 0
150, 200, 180
700, 300, 0
20
3, 550, 0, 2, 15, 2
2, 4, 0, 0, 0, 60, 4, 0, 40, 20, 10, false, 0, 120, 0
520, 200, 0
0, 400, 0
20.5
2, 550, 0, 2, 15, 2
2, 4, 0, 0, 0, 60, 4, 0, 40, 20, 10, false, 0, 120, 0
520, 200, 0
0, 400, 0
21
3, 550, 0, 2, 15, 2
2, 4, 0, 0, 0, 60, 4, 0, 40, 20, 10, false, 0, 120, 0
520, 200, 0
0, 400, 0
21.5
2, 550, 0, 2, 15, 2
2, 4, 0, 0, 0, 60, 4, 0, 40, 20, 10, false, 0, 120, 0
520, 200, 0
0, 400, 0
22
3, 550, 0, 2, 15, 2
2, 4, 0, 0, 0, 60, 4, 0, 40, 20, 10, false, 0, 120, 0
520, 200, 0
0, 400, 0
22.5
2, 550, 0, 2, 15, 2
2, 4, 0, 0, 0, 60, 4, 0, 40, 20, 10, false, 0, 120, 0
520, 200, 0
0, 400, 0
29
3, 550, 700, 4, 15, 3
2, 4, 0, 0, 600, 20, 0, 0, 0, 0, 0, false, 0, 0, 0
550, 450, 0
500, 380, 0
450, 330, 0
0, 290, 0
29.5
2, 550, 700, 4, 15, 3
2, 4, 0, 0, 600, 20, 0, 0, 0, 0, 0, false, 0, 0, 0
550, 450, 0
500, 380, 0
450, 330, 0
0, 290, 0
30
3, 550, 700, 4, 15, 3
2, 4, 0, 0, 600, 20, 0, 0, 0, 0, 0, false, 0, 0, 0
550, 450, 0
500, 380, 0
450, 330, 0
0, 290, 0
30.5
2, 550, 700, 4, 15, 3
2, 4, 0, 0, 600, 20, 0, 0, 0, 0, 0, false, 0, 0, 0
550, 450, 0
500, 380, 0
450, 330, 0
0, 290, 0
31
3, 550, 700, 4, 15, 3
2, 4, 0, 0, 600, 20, 0, 0, 0, 0, 0, false, 0, 0, 0
550, 450, 0
500, 380, 0
450, 330, 0
0, 290, 0
31.5
2, 550, 700, 4, 15, 3
2, 4, 0, 0, 600, 20, 0, 0, 0, 0, 0, false, 0, 0, 0
550, 450, 0
500, 380, 0
450, 330, 0
0, 290, 0
32
3, 550, 700, 4, 15, 3
2, 4, 0, 0, 600, 20, 0, 0, 0, 0, 0, false, 0, 0, 0
550, 450, 0
500, 380, 0
450, 330, 0
0, 290, 0
36
2, 150, 0, 2, 15, 2
2, 4, 0, 0, 0, 60, 4, 0, 40, 10, 5, false, 0, 120, 0
150, 200, 0
700, 400, 0
36.5
3, 150, 0, 2, 15, 2
2, 4, 0, 0, 0, 60, 4, 0, 40, 10, 5, false, 0, 120, 0
150, 200, 0
700, 400, 0
37
2, 150, 0, 2, 15, 2
2, 4, 0, 0, 0, 60, 4, 0, 40, 10, 5, false, 0, 120, 0
150, 200, 0
700, 400, 0
37.5
3, 150, 0, 2, 15, 2
2, 4, 0, 0, 0, 60, 4, 0, 40, 10, 5, false, 0, 120, 0
150, 200, 0
700, 400, 0
38
2, 150, 0, 2, 15, 2
2, 4, 0, 0, 0, 60, 4, 0, 40, 10, 5, false, 0, 120, 0
150, 200, 0
700, 400, 0
38.5
3, 150, 0, 2, 15, 2
2, 4, 0, 0, 0, 60, 4, 0, 40, 10, 5, false, 0, 120, 0
150, 200, 0
700, 400, 0
39
2, 150, 0, 2, 15, 2
2, 4, 0, 0, 0, 60, 4, 0, 40, 10, 5, false, 0, 120, 0
150, 200, 0
700, 400, 0
44
4, 230, 0, 2, 100, 3
0, 4, 0, 0, 0, 300, 6, 0, 1, 1, 16, 1, 22, false, true, 45, 0
230, 300, 120
0, 500, 0
44
4, 420, 0, 2, 100, 3
0, 4, 0, 0, 0, 300, 6, 0, 1, 1, 16, 1, 22, false, true, 45, 0
420, 300, 120
700, 500, 0
49
2, 100, 700, 3, 15, 4
0, 2, 0, 0, 150, 600, 5, 0, 3, 60, 1, 0, 3, true, false, 0, 0
100, 100, 0
170, 50, 0
240, 100, 0
49
2, 530, 700, 3, 15, 4
0, 2, 0, 0, 150, 600, 5, 0, 3, 60, 1, 0, 3, true, false, 0, 0
530, 100, 0
460, 50, 0
390, 100, 0
49.5
3, 100, 700, 3, 15, 4
0, 2, 0, 0, 150, 600, 5, 0, 3, 60, 1, 0, 3, true, false, 0, 0
100, 100, 0
170, 50, 0
240, 100, 0
49.5
3, 530, 700, 3, 15, 4
0, 2, 0, 0, 150, 600, 5, 0, 3, 60, 1, 0, 3, true, false, 0, 0
530, 100, 0
460, 50, 0
390, 100, 0
50
2, 100, 700, 3, 15, 4
0, 2, 0, 0, 150, 600, 5, 0, 3, 60, 1, 0, 3, true, false, 0, 0
100, 100, 0
170, 50, 0
240, 100, 0
50
2, 530, 700, 3, 15, 4
0, 2, 0, 0, 150, 600, 5, 0, 3, 60, 1, 0, 3, true, false, 0, 0
530, 100, 0
460, 50, 0
390, 100, 0
50.5
3, 100, 700, 3, 15, 4
0, 2, 0, 0, 150, 600, 5, 0, 3, 60, 1, 0, 3, true, false, 0, 0
100, 100, 0
170, 50, 0
240, 100, 0
50.5
3, 530, 700, 3, 15, 4
0, 2, 0, 0, 150, 600, 5, 0, 3, 60, 1, 0, 3, true, false, 0, 0
530, 100, 0
460, 50, 0
390, 100, 0
51
2, 100, 700, 3, 15, 4
0, 2, 0, 0, 150, 600, 5, 0, 3, 60, 1, 0, 3, true, false, 0, 0
100, 100, 0
170, 50, 0
240, 100, 0
51
2, 530, 700, 3, 15, 4
0, 2, 0, 0, 150, 600, 5, 0, 3, 60, 1, 0, 3, true, false, 0, 0
530, 100, 0
460, 50, 0
390, 100, 0
51.5
3, 100, 700, 3, 15, 4
0, 2, 0, 0, 150, 600, 5, 0, 3, 60, 1, 0, 3, true, false, 0, 0
100, 100, 0
170, 50, 0
240, 100, 0
51.5
3, 530, 700, 3, 15, 4
0, 2, 0, 0, 150, 600, 5, 0, 3, 60, 1, 0, 3, true, false, 0, 0
530, 100, 0
460, 50, 0
390, 100, 0
52
2, 100, 700, 3, 15, 4
0, 2, 0, 0, 150, 600, 5, 0, 3, 60, 1, 0, 3, true, false, 0, 0
100, 100, 0
170, 50, 0
240, 100, 0
52
2, 530, 700, 3, 15, 4
0, 2, 0, 0, 150, 600, 5, 0, 3, 60, 1, 0, 3, true, false, 0, 0
530, 100, 0
460, 50, 0
390, 100, 0
52.5
3, 100, 700, 3, 15, 4
0, 2, 0, 0, 150, 600, 5, 0, 3, 60, 1, 0, 3, true, false, 0, 0
100, 100, 0
170, 50, 0
240, 100, 0
52.5
3, 530, 700, 3, 15, 4
0, 2, 0, 0, 150, 600, 5, 0, 3, 60, 1, 0, 3, true, false, 0, 0
530, 100, 0
460, 50, 0
390, 100, 0
59
4, 230, 0, 2, 100, 3
0, 4, 0, 0, 0, 300, 6, 0, 1, 1, 36, 1, 10, false, true, 20, 0
230, 300, 120
0, 500, 0
59
4, 420, 0, 2, 100, 3
0, 4, 0, 0, 0, 300, 6, 0, 1, 1, 36, 1, 10, false, true, 20, 0
420, 300, 120
700, 500, 0
65
2, 50, 400, 6, 15, 3
2, 4, 0, 0, 600, 20, 0, 0, 0, 0, 0, false, 0, 0, 0
180, 400, 0
210, 390, 0
240, 380, 0
270, 370, 0
300, 360, 0
300, 350, 0
65
2, 600, 400, 6, 15, 3
2, 4, 0, 0, 600, 20, 0, 0, 0, 0, 0, false, 0, 0, 0
470, 400, 0
440, 390, 0
410, 380, 0
380, 370, 0
350, 360, 0
350, 350, 0
65.5
2, 50, 400, 6, 15, 3
2, 4, 0, 0, 600, 20, 0, 0, 0, 0, 0, false, 0, 0, 0
180, 400, 0
210, 390, 0
240, 380, 0
270, 370, 0
300, 360, 0
300, 350, 0
65.5
2, 600, 400, 6, 15, 3
2, 4, 0, 0, 600, 20, 0, 0, 0, 0, 0, false, 0, 0, 0
470, 400, 0
440, 390, 0
410, 380, 0
380, 370, 0
350, 360, 0
350, 350, 0
66
2, 50, 400, 6, 15, 3
2, 4, 0, 0, 600, 20, 0, 0, 0, 0, 0, false, 0, 0, 0
180, 400, 0
210, 390, 0
240, 380, 0
270, 370, 0
300, 360, 0
300, 350, 0
66
2, 600, 400, 6, 15, 3
2, 4, 0, 0, 600, 20, 0, 0, 0, 0, 0, false, 0, 0, 0
470, 400, 0
440, 390, 0
410, 380, 0
380, 370, 0
350, 360, 0
350, 350, 0
66.5
2, 50, 400, 6, 15, 3
2, 4, 0, 0, 600, 20, 0, 0, 0, 0, 0, false, 0, 0, 0
180, 400, 0
210, 390, 0
240, 380, 0
270, 370, 0
300, 360, 0
300, 350, 0
66.5
2, 600, 400, 6, 15, 3
2, 4, 0, 0, 600, 20, 0, 0, 0, 0, 0, false, 0, 0, 0
470, 400, 0
440, 390, 0
410, 380, 0
380, 370, 0
350, 360, 0
350, 350, 0
67
2, 50, 400, 6, 15, 3
2, 4, 0, 0, 600, 20, 0, 0, 0, 0, 0, false, 0, 0, 0
180, 400, 0
210, 390, 0
240, 380, 0
270, 370, 0
300, 360, 0
300, 350, 0
67
2, 600, 400, 6, 15, 3
2, 4, 0, 0, 600, 20, 0, 0, 0, 0, 0, false, 0, 0, 0
470, 400, 0
440, 390, 0
410, 380, 0
380, 370, 0
350, 360, 0
350, 350, 0
67.5
2, 50, 400, 6, 15, 3
2, 4, 0, 0, 600, 20, 0, 0, 0, 0, 0, false, 0, 0, 0
180, 400, 0
210, 390, 0
240, 380, 0
270, 370, 0
300, 360, 0
300, 350, 0
67.5
2, 600, 400, 6, 15, 3
2, 4, 0, 0, 600, 20, 0, 0, 0, 0, 0, false, 0, 0, 0
470, 400, 0
440, 390, 0
410, 380, 0
380, 370, 0
350, 360, 0
350, 350, 0
68
2, 50, 400, 6, 15, 3
2, 4, 0, 0, 600, 20, 0, 0, 0, 0, 0, false, 0, 0, 0
180, 400, 0
210, 390, 0
240, 380, 0
270, 370, 0
300, 360, 0
300, 350, 0
68
2, 600, 400, 6, 15, 3
2, 4, 0, 0, 600, 20, 0, 0, 0, 0, 0, false, 0, 0, 0
470, 400, 0
440, 390, 0
410, 380, 0
380, 370, 0
350, 360, 0
350, 350, 0
68.5
2, 50, 400, 6, 15, 3
2, 4, 0, 0, 600, 20, 0, 0, 0, 0, 0, false, 0, 0, 0
180, 400, 0
210, 390, 0
240, 380, 0
270, 370, 0
300, 360, 0
300, 350, 0
68.5
2, 600, 400, 6, 15, 3
2, 4, 0, 0, 600, 20, 0, 0, 0, 0, 0, false, 0, 0, 0
470, 400, 0
440, 390, 0
410, 380, 0
380, 370, 0
350, 360, 0
350, 350, 0
69
2, 50, 400, 6, 15, 3
2, 4, 0, 0, 600, 20, 0, 0, 0, 0, 0, false, 0, 0, 0
180, 400, 0
210, 390, 0
240, 380, 0
270, 370, 0
300, 360, 0
300, 350, 0
69
2, 600, 400, 6, 15, 3
2, 4, 0, 0, 600, 20, 0, 0, 0, 0, 0, false, 0, 0, 0
470, 400, 0
440, 390, 0
410, 380, 0
380, 370, 0
350, 360, 0
350, 350, 0
74
4, 300, 0, 2, 100, 3
0, 4, 0, 0, 0, 240, 6, 0, 1, 1, 36, 1, 10, false, true, 20, 0
300, 300, 120
700, 500, 0
79
2, 400, 0, 2, 15, 2
0, 0, 0, 0, 0, 600, 7, 0, 1, 25, 1, 0, 0, true, false, 0, 0
400, 200, 120
700, 400, 0
79.5
3, 240, 0, 2, 15, 2
0, 0, 0, 0, 0, 600, 7, 0, 1, 25, 1, 0, 0, true, false, 0, 0
240, 200, 120
700, 300, 0
80
2, 300, 0, 2, 15, 2
0, 0, 0, 0, 0, 600, 7, 0, 1, 25, 1, 0, 0, true, false, 0, 0
280, 180, 120
0, 400, 0
80.5
3, 450, 0, 2, 15, 2
0, 0, 0, 0, 0, 600, 7, 0, 1, 25, 1, 0, 0, true, false, 0, 0
430, 200, 120
0, 300, 0
81
2, 230, 0, 2, 15, 2
0, 0, 0, 0, 0, 600, 7, 0, 1, 25, 1, 0, 0, true, false, 0, 0
210, 210, 120
700, 200, 0
81.5
3, 470, 0, 2, 15, 2
0, 0, 0, 0, 0, 600, 7, 0, 1, 25, 1, 0, 0, true, false, 0, 0
480, 210, 120
700, 500, 0
82
2, 350, 0, 2, 15, 2
0, 0, 0, 0, 0, 600, 7, 0, 1, 25, 1, 0, 0, true, false, 0, 0
380, 210, 120
700, 320, 0
82.5
3, 420, 0, 2, 15, 2
0, 0, 0, 0, 0, 600, 7, 0, 1, 25, 1, 0, 0, true, false, 0, 0
410, 210, 120
700, 270, 0
83
2, 600, 0, 2, 15, 2
0, 0, 0, 0, 0, 600, 7, 0, 1, 25, 1, 0, 0, true, false, 0, 0
630, 300, 120
700, 350, 0
83.5
3, 480, 0, 2, 15, 2
0, 0, 0, 0, 0, 180, 7, 0, 1, 25, 1, 0, 0, true, false, 0, 0
480, 410, 120
700, 500, 0
86
4, 200, 0, 2, 100, 4
0, 4, 0, 0, 0, 240, 6, 0, 1, 1, 36, 1, 10, false, true, 20, 0
200, 300, 120
0, 500, 0
91
4, 500, 0, 2, 100, 4
0, 4, 0, 0, 0, 240, 6, 0, 1, 1, 36, 1, 10, false, true, 20, 0
500, 300, 120
700, 500, 0
96
4, 230, 0, 2, 100, 4
0, 4, 0, 0, 0, 240, 6, 0, 1, 1, 36, 1, 10, false, true, 20, 0
230, 300, 120
0, 500, 0
101
4, 300, 0, 2, 100, 4
0, 4, 0, 0, 0, 240, 6, 0, 1, 1, 36, 1, 10, false, true, 20, 0
300, 300, 120
700, 500, 0
104
3, 400, 0, 2, 15, 4
0, 0, 0, 0, 0, 600, 7, 0, 1, 25, 1, 0, 0, true, false, 0, 0
300, 300, 120
0, 400, 0
104.5
2, 150, 0, 2, 15, 4
0, 0, 0, 0, 0, 600, 7, 0, 1, 25, 1, 0, 0, true, false, 0, 0
180, 200, 120
700, 400, 0
105
2, 380, 0, 2, 15, 4
0, 0, 0, 0, 0, 600, 7, 0, 1, 25, 1, 0, 0, true, false, 0, 0
430, 200, 120
700, 400, 0
105.5
3, 380, 0, 2, 15, 4
0, 0, 0, 0, 0, 600, 7, 0, 1, 25, 1, 0, 0, true, false, 0, 0
430, 200, 120
700, 350, 0
106
2, 250, 0, 2, 15, 4
0, 0, 0, 0, 0, 60, 7, 0, 5, 30, 1, 0, 1, true, false, 0, 0
290, 200, 120
700, 350, 0
106.5
3, 330, 0, 2, 15, 4
0, 0, 0, 0, 0, 600, 7, 0, 1, 25, 1, 0, 0, true, false, 0, 0
200, 200, 120
0, 350, 0
107
3, 150, 0, 2, 15, 4
0, 0, 0, 0, 0, 600, 7, 0, 1, 25, 1, 0, 0, true, false, 0, 0
300, 200, 120
700, 350, 0
115
1, 300, 200, false, 4
1000, 4
0, 3, 0, 0, 0, 4200, 7 , 0, 36, 90, 5, 3, 10, false, false, 0, 0
0, 0, 200, -100, 0, 4200, 5, 0, 1, 45, 6, 1, 0, true, false, 0, 0
0, 0, 0, -150, 0, 4200, 5, 0, 1, 45, 6, 1, 0, true, false, 0, 0
0, 0, -200, -100, 0, 4200, 5, 0, 1, 45, 6, 1, 0, true, false, 0, 0
1000, 4
0, 5, 0, 0, 0, 4200, 5, 0, 10, 240, 4, 16, 36, false, true, 2, 0
0, 0, 0, 0, 0, 4200, 5, 0, 51, 240, 4, 16, 17, false, true, 2, 10
0, 2, 0, 0, 9, 4200, 5, 0, 51, 240, 4, 16, 17, false, true, 2, -10
2, 1, 0, 0, 60, 4200, 4, 0, 240, 100, 10, false, 0, 160, 0
800, 7
0, 1, 0, 0, 0, 4200, 5, 0, 1, 15, 5, 1, 4, false, true, 3, 45
0, 1, 0, 0, 0, 4200, 5, 0, 1, 15, 5, 1, 4, false, true, 3, 225
0, 3, 0, 0, 0, 4200, 5, 0, 1, 15, 5, 1, 4, false, true, -3, -45
0, 3, 0, 0, 0, 4200, 5, 0, 1, 15, 5, 1, 4, false, true, -3, -225
0, 5, 0, -150, 0, 4200, 5, 0, 1, 45, 3, 5, 0, true, false, 0, 0
0, 5, -100, -100, 0, 4200, 5, 0, 1, 45, 3, 5, 0, true, false, 0, 0
0, 5, 100, -100, 0, 4200, 5, 0, 1, 45, 3, 5, 0, true, false, 0, 0
1000, 3
1, 1, 0, 0, 0, 4200, 2, 3, 18, 480, 5, 5, 20, false, true, 4, 1, 0
1, 3, 0, 0, 240, 4200, 2, -3, 18, 480, 5, 5, 20, false, true, 4, 1, 0
0, 5, 0, 0, 120, 4200, 4, 0, 9, 240, 6, 10, 40, true, false, 0, 0, 0