4
2, 100, 30, 3, 30, 3
2, 4, 30, 7, 0, 20, 40, 1, 90, 360
200, 250, 0
400, 300, 0
1000, 300, 0
4.5
2, 100, 30, 3, 30, 3
0, 0, 5, 8, 0, 1, 3, 1, 0, 0, true, false, 0
200, 250, 0
400, 300, 0
1000, 300, 0
5
2, 100, 30, 3, 30, 3
0, 0, 5, 8, 0, 1, 3, 1, 0, 0, true, false, 0
200, 250, 0
400, 300, 0
1000, 300, 0
5.5
2, 100, 30, 3, 30, 3
0, 0, 5, 8, 0, 1, 3, 1, 0, 0, true, false, 0
200, 250, 0
400, 300, 0
1000, 300, 0
6
2, 100, 30, 3, 30, 3
0, 0, 5, 8, 0, 1, 3, 1, 0, 0, true, false, 0
200, 250, 60
400, 300, 0
1000, 300, 0
6.5
2, 100, 30, 3, 30, 3
0, 0, 5, 8, 0, 1, 3, 1, 0, 0, true, false, 0
200, 250, 60
400, 300, 0
1000, 300, 0
7
2, 100, 30, 3, 30, 3
0, 1, 5, 8, 0, 1, 3, 1, 0, 0, true, false, 0
200, 250, 60
400, 300, 0
1000, 300, 0
7.5
2, 100, 30, 3, 30, 3
0, 1, 5, 8, 0, 1, 3, 1, 0, 0, true, false, 0
200, 250, 60
400, 300, 0
1000, 300, 0
7.5
2, 500, 30, 2, 30, 3
0, 1, 5, 3, 0, 10, 30, 1, 0, 2, false, false, 0
500, 250, 0
-100, 300, 0
8.5
2, 500, 30, 3, 30, 3
0, 1, 5, 8, 0, 1, 3, 1, 0, 0, true, false, 0
400, 250, 0
100, 300, 0
-100, 300, 0
9
2, 500, 30, 3, 30, 3
0, 1, 5, 8, 0, 1, 3, 1, 0, 0, true, false, 0
400, 250, 0
100, 300, 0
-100, 300, 0
9.5
2, 500, 30, 3, 30, 3
0, 1, 5, 8, 0, 1, 3, 1, 0, 0, true, false, 0
400, 250, 0
100, 300, 0
-100, 300, 0
10
2, 500, 30, 3, 30, 3
0, 1, 5, 8, 0, 1, 3, 1, 0, 0, true, false, 0
400, 250, 0
100, 300, 0
-100, 300, 0
10.5
2, 500, 30, 3, 30, 3
0, 1, 5, 8, 0, 1, 3, 1, 0, 0, true, false, 0
400, 250, 0
100, 300, 0
-100, 300, 0
20
1, 300, 300, false, 4
100, 0, 3, 120, 5, 0, 20, 60, 4, 15, 18, false, false, 0
150, 2, 0, 30, 3, 0, 60, 20, 1, 90, 45
200, 1, 1, 40, 2, 0, 36, 240, 30, 5, 10, false, true, 4, 2
500, 0, 0, 60, 10 , 0, 60, 90, 15, 1, 6, false, false, 0