4
2, 100, 30, 3, 30, 3
5, 10, 0, 1, 3, 1, 0, 0, true, false, 0
200, 250, 0
400, 300, 0
1000, 300, 0
4.5
2, 100, 30, 3, 30, 3
5, 10, 0, 1, 3, 1, 0, 0, true, false, 0
200, 250, 0
400, 300, 0
1000, 300, 0
5
2, 100, 30, 3, 30, 3
5, 10, 0, 1, 3, 1, 0, 0, true, false, 0
200, 250, 0
400, 300, 0
1000, 300, 0
5.5
2, 100, 30, 3, 30, 3
5, 10, 0, 1, 3, 1, 0, 0, true, false, 0
200, 250, 0
400, 300, 0
1000, 300, 0
6
2, 100, 30, 3, 30, 3
5, 10, 0, 1, 3, 1, 0, 0, true, false, 0
200, 250, 60
400, 300, 0
1000, 300, 0
6.5
2, 100, 30, 3, 30, 3
5, 10, 0, 1, 3, 1, 0, 0, true, false, 0
200, 250, 60
400, 300, 0
1000, 300, 0
7
2, 100, 30, 3, 30, 3
5, 10, 0, 1, 3, 1, 0, 0, true, false, 0
200, 250, 60
400, 300, 0
1000, 300, 0
7.5
2, 100, 30, 3, 30, 3
5, 10, 0, 1, 3, 1, 0, 0, true, false, 0
200, 250, 60
400, 300, 0
1000, 300, 0
8
2, 500, 30, 3, 30, 3
5, 10, 0, 1, 3, 1, 0, 0, true, false, 0
400, 250, 0
100, 300, 0
-100, 300, 0
8.5
2, 500, 30, 3, 30, 3
5, 10, 0, 1, 3, 1, 0, 0, true, false, 0
400, 250, 0
100, 300, 0
-100, 300, 0
9
2, 500, 30, 3, 30, 3
5, 10, 0, 1, 3, 1, 0, 0, true, false, 0
400, 250, 0
100, 300, 0
-100, 300, 0
9.5
2, 500, 30, 3, 30, 3
5, 10, 0, 1, 3, 1, 0, 0, true, false, 0
400, 250, 0
100, 300, 0
-100, 300, 0
10
2, 500, 30, 3, 30, 3
5, 10, 0, 1, 3, 1, 0, 0, true, false, 0
400, 250, 0
100, 300, 0
-100, 300, 0
10.5
2, 500, 30, 3, 30, 3
5, 10, 0, 1, 3, 1, 0, 0, true, false, 0
400, 250, 0
100, 300, 0
-100, 300, 0
20
1, 300, 300, false, 3
100, 30, 10, 0, 20, 30, 4, 5, 18, false, false, 0
150, 40, 5, 2, 36, 80, 10, 2, 10, false, true, 1
200, 40, 4, 0, 36, 240, 30, 5, 10, false, true, 4 