4
4, 150, 0, 2, 150, 2
2, 0, 0, 0, 0, 240, 4, 0, 10, 3, 3, true, 90, 15, 0
150, 200, 180
700, 300, 0
4
3, 600, 300, 4, 15, 3
0, 0, 0, 0, 30, 45, 7, 0, 5, 300, 1, 0, 2, true, false, 0, 0
400, 300, 0
380, 250, 0
360, 200, 0
360, 100, 0
4.5
3, 600, 300, 4, 25, 3
0, 0, 0, 0, 30, 45, 7, 0, 5, 300, 1, 0, 2, true, false, 0, 0
400, 300, 0
380, 250, 0
360, 200, 0
360, 100, 0
5
3, 600, 300, 4, 15, 3
0, 0, 0, 0, 30, 45, 7, 0, 5, 300, 1, 0, 2, true, false, 0, 0
400, 300, 0
380, 250, 0
360, 200, 0
360, 100, 0
5.5
3, 600, 300, 4, 15, 3
0, 0, 0, 0, 30, 45, 7, 0, 5, 300, 1, 0, 2, true, false, 0, 0
400, 300, 0
380, 250, 0
360, 200, 0
360, 100, 0
6
3, 600, 300, 4, 15, 3
0, 0, 0, 0, 30, 45, 7, 0, 5, 300, 1, 0, 2, true, false, 0, 0
400, 300, 0
380, 250, 0
360, 200, 0
360, 100, 0
6.5
3, 600, 300, 4, 15, 3
0, 0, 0, 0, 30, 45, 7, 0, 5, 300, 1, 0, 2, true, false, 0, 0
400, 300, 0
380, 250, 0
360, 200, 0
360, 100, 0
8
4, 510, 0, 2, 300, 2
2, 0, 0, 0, 0, 240, 4, 0, 10, 3, 3, true, 90, 15, 0
510, 200, 180
700, 300, 0
12
2, 0, 150, 2, 150, 4
1, 1, 0, 0, 60, 95, 1, 0, 15, 300, 2, 1, 24, false, false, 0, 1, 0
250, 150, 60
800, 600, 0
12.5
2, 600, 150, 2, 150, 4
1, 1, 0, 0, 60, 95, 1, 0, 15, 300, 2, 1, 24, false, false, 0, 1, 0
450, 150, 60
0, 100, 0
13
2, 0, 220, 2, 150, 4
1, 1, 0, 0, 60, 95, 1, 0, 15, 300, 2, 1, 24, false, false, 0, 1, 0
200, 260, 60
800, 600, 0
13.5
2, 600, 300, 2, 150, 4
1, 1, 0, 0, 100, 110, 1, 0, 15, 300, 2, 1, 24, false, false, 0, 1, 0
450, 150, 60
0, 100, 0
14
2, 1, 120, 2, 150, 4
1, 1, 0, 0, 100, 110, 1, 0, 15, 300, 2, 1, 24, false, false, 0, 1, 0
250, 150, 60
800, 200, 0
16
2, 0, 120, 2, 15, 3
0, 5, 0, 0, 90, 125, 5, 0, 5, 300, 1, 0, 20, true, false, 0, 0
200, 120, 60
700, 100, 0
16.4
2, 600, 190, 2, 15, 3
0, 5, 0, 0, 90, 125, 5, 0, 5, 300, 1, 0, 20, true, false, 0, 0
430, 180, 60
0, 150, 0
17
3, 600, 150, 2, 15, 3
0, 5, 0, 0, 90, 125, 5, 0, 5, 300, 1, 0, 20, true, false, 0, 0
450, 120, 60
0, 100, 0
17.5
3, 0, 170, 2, 15, 3
0, 5, 0, 0, 90, 125, 5, 0, 5, 300, 1, 0, 20, true, false, 0, 0
230, 150, 60
700, 100, 0
17.9
3, 600, 150, 2, 15, 3
0, 5, 0, 0, 90, 125, 5, 0, 5, 300, 1, 0, 20, true, false, 0, 0
450, 120, 60
0, 100, 0
18.5
3, 0, 200, 2, 15, 3
0, 5, 0, 0, 90, 125, 5, 0, 5, 300, 1, 0, 20, true, false, 0, 0
230, 170, 60
700, 100, 0
19.1
2, 0, 110, 2, 15, 3
0, 5, 0, 0, 90, 125, 5, 0, 5, 300, 1, 0, 20, true, false, 0, 0
200, 105, 60
700, 100, 0
19.8
2, 600, 160, 2, 15, 3
0, 5, 0, 0, 90, 125, 5, 0, 5, 300, 1, 0, 20, true, false, 0, 0
430, 180, 60
0, 150, 0
20.4
3, 600, 144, 2, 15, 3
0, 5, 0, 0, 90, 125, 5, 0, 5, 300, 1, 0, 20, true, false, 0, 0
450, 114, 60
0, 100, 0
21
3, 0, 170, 2, 15, 3
0, 5, 0, 0, 90, 125, 5, 0, 5, 300, 1, 0, 20, true, false, 0, 0
230, 150, 60
700, 100, 0
21.5
2, 0, 120, 2, 15, 3
0, 5, 0, 0, 90, 125, 5, 0, 5, 300, 1, 0, 20, true, false, 0, 0
200, 120, 60
700, 100, 0
22
2, 600, 170, 2, 15, 3
0, 5, 0, 0, 90, 125, 5, 0, 5, 300, 1, 0, 20, true, false, 0, 0
430, 140, 60
0, 110, 0
22.6
3, 0, 170, 2, 15, 3
0, 5, 0, 0, 90, 125, 5, 0, 5, 300, 1, 0, 20, true, false, 0, 0
230, 170, 60
700, 100, 0
23.1
2, 600, 190, 2, 15, 3
0, 5, 0, 0, 90, 125, 5, 0, 5, 300, 1, 0, 20, true, false, 0, 0
550, 180, 60
0, 150, 0
23.9
2, 0, 120, 2, 15, 3
0, 5, 0, 0, 90, 125, 5, 0, 5, 300, 1, 0, 20, true, false, 0, 0
240, 150, 60
700, 100, 0
24.1
3, 600, 220, 2, 15, 3
0, 5, 0, 0, 90, 125, 5, 0, 5, 300, 1, 0, 20, true, false, 0, 0
380, 170, 60
0, 100, 0
28
2, 0, 150, 2, 150, 4
0, 5, 0, 0, 90, 125, 5, 0, 5, 300, 1, 0, 20, true, false, 0, 0
250, 150, 60
800, 600, 0
28.5
2, 1, 120, 2, 150, 4
0, 5, 0, 0, 90, 125, 5, 0, 5, 300, 1, 0, 20, true, false, 0, 0
250, 150, 60
800, 200, 0
29
2, 0, 220, 2, 150, 4
0, 5, 0, 0, 90, 125, 5, 0, 5, 300, 1, 0, 20, true, false, 0, 0
200, 260, 60
800, 600, 0
29.5
2, 600, 300, 2, 150, 4
0, 5, 0, 0, 90, 125, 5, 0, 5, 300, 1, 0, 20, true, false, 0, 0
450, 150, 60
0, 100, 0
30
2, 600, 150, 2, 150, 4
0, 5, 0, 0, 90, 125, 5, 0, 5, 300, 1, 0, 20, true, false, 0, 0
450, 150, 60
0, 100, 0
34
4, 300, 0, 2, 100, 3
0, 5, 0, 0, 90, 125, 5, 0, 5, 300, 1, 0, 20, true, false, 0, 0
300, 300, 180
0, 500, 0
37
4, 300, 0, 2, 100, 3
0, 4, 0, 0, 0, 260, 6, 0, 6, 1, 1, 3, 12, false, true, 72, 0
300, 300, 180
0, 500, 0
40
2, 0, 150, 2, 150, 4
1, 1, 0, 0, 60, 95, 1, 0, 15, 300, 2, 1, 24, false, false, 0, 1, 0
250, 150, 60
800, 600, 0
40.5
2, 600, 150, 2, 150, 4
1, 1, 0, 0, 60, 95, 1, 0, 15, 300, 2, 1, 24, false, false, 0, 1, 0
450, 150, 60
0, 100, 0
41
2, 0, 220, 2, 150, 4
1, 1, 0, 0, 60, 95, 1, 0, 15, 300, 2, 1, 24, false, false, 0, 1, 0
200, 260, 60
800, 600, 0
41.5
2, 600, 300, 2, 150, 4
1, 1, 0, 0, 100, 110, 1, 0, 15, 300, 2, 1, 24, false, false, 0, 1, 0
450, 150, 60
0, 100, 0
42
2, 1, 120, 2, 150, 4
1, 1, 0, 0, 100, 110, 1, 0, 15, 300, 2, 1, 24, false, false, 0, 1, 0
250, 150, 60
800, 200, 0
44
4, 300, 0, 2, 100, 3
0, 4, 0, 0, 0, 260, 6, 0, 6, 1, 1, 3, 12, false, true, 72, 0
300, 300, 180
0, 500, 0
54
2, 0, 200, 2, 30, 4
1, 3, 0, 0, 100, 110, 1, 0, 15, 300, 2, 1, 24, false, false, 0, 1, 0
250, 200, 60
800, 200, 0
54
2, 600, 200, 2, 30, 4
1, 3, 0, 0, 100, 110, 1, 0, 15, 300, 2, 1, 24, false, false, 0, 1, 0
350, 200, 60
0, 200, 0
59
2, 200, 0, 2, 30, 4
1, 3, 0, 0, 80, 110, 1, 0, 15, 300, 2, 1, 24, false, false, 0, 1, 0
200, 200, 60
800, 250, 0
59
2, 400, 0, 2, 30, 4
1, 3, 0, 0, 80, 110, 1, 0, 15, 300, 2, 1, 24, false, false, 0, 1, 0
400, 200, 60
0, 250, 0
63
2, 0, 250, 2, 30, 4
1, 3, 0, 0, 100, 110, 1, 0, 15, 300, 2, 1, 24, false, false, 0, 1, 0
250, 250, 60
800, 200, 0
63
2, 0, 350, 2, 30, 4
1, 3, 0, 0, 100, 110, 1, 0, 15, 300, 2, 1, 24, false, false, 0, 1, 0
250, 350, 60
800, 200, 0
67
2, 0, 200, 2, 30, 4
1, 3, 0, 0, 100, 110, 1, 0, 15, 300, 2, 1, 24, false, false, 0, 1, 0
250, 200, 60
800, 200, 0
67
2, 600, 200, 2, 30, 4
1, 3, 0, 0, 100, 110, 1, 0, 15, 300, 2, 1, 24, false, false, 0, 1, 0
350, 200, 60
0, 200, 0
71
2, 200, 0, 2, 30, 4
1, 3, 0, 0, 80, 110, 1, 0, 15, 300, 2, 1, 24, false, false, 0, 1, 0
200, 200, 60
800, 250, 0
71
2, 400, 0, 2, 30, 4
1, 3, 0, 0, 80, 110, 1, 0, 15, 300, 2, 1, 24, false, false, 0, 1, 0
400, 200, 60
0, 250, 0
74
2, 200, 0, 2, 30, 4
1, 3, 0, 0, 80, 110, 1, 0, 15, 300, 2, 1, 24, false, false, 0, 1, 0
200, 200, 60
800, 250, 0
74
2, 400, 0, 2, 30, 4
1, 3, 0, 0, 80, 110, 1, 0, 15, 300, 2, 1, 24, false, false, 0, 1, 0
400, 200, 60
0, 250, 0
76
2, 260, 0, 2, 30, 4
1, 3, 0, 0, 80, 110, 1, 0, 15, 300, 2, 1, 24, false, false, 0, 1, 0
260, 200, 60
800, 250, 0
76
2, 340, 0, 2, 30, 4
1, 3, 0, 0, 80, 110, 1, 0, 15, 300, 2, 1, 24, false, false, 0, 1, 0
340, 200, 60
0, 250, 0
79
2, 260, 0, 2, 30, 4
1, 3, 0, 0, 80, 110, 1, 0, 15, 300, 2, 1, 24, false, false, 0, 1, 0
260, 200, 60
800, 250, 0
79
2, 340, 0, 2, 30, 4
1, 3, 0, 0, 80, 110, 1, 0, 15, 300, 2, 1, 24, false, false, 0, 1, 0
340, 200, 60
0, 250, 0
82
2, 180, 0, 2, 30, 4
1, 3, 0, 0, 80, 110, 1, 0, 15, 300, 2, 1, 24, false, false, 0, 1, 0
180, 200, 60
800, 250, 0
82
2, 420, 0, 2, 30, 4
1, 3, 0, 0, 80, 110, 1, 0, 15, 300, 2, 1, 24, false, false, 0, 1, 0
420, 200, 60
0, 250, 0
86
4, 150, 0, 2, 150, 2
2, 0, 0, 0, 0, 240, 4, 0, 10, 3, 3, true, 90, 15, 0
150, 200, 180
700, 300, 0
86
4, 150, 0, 2, 150, 2
2, 0, 0, 0, 0, 240, 4, 0, 10, 3, 3, true, 90, 15, 0
150, 200, 180
700, 300, 0
91
2, 600, 210, 2, 10, 4
1, 2, 0, 0, 80, 110, 3, 0, 5, 300, 2, 1, 24, true, false, 0, 3, 0
350, 210, 60
0, 210, 0
91.5
2, 600, 170, 2, 10, 4
1, 2, 0, 0, 80, 110, 3, 0, 5, 300, 2, 1, 24, true, false, 0, 3, 0
330, 170, 60
0, 170, 0
92
2, 600, 190, 2, 10, 4
1, 2, 0, 0, 80, 110, 3, 0, 5, 300, 2, 1, 24, true, false, 0, 3, 0
390, 190, 60
0, 190, 0
92.5
2, 50, 160, 2, 10, 4
1, 2, 0, 0, 80, 110, 3, 0, 5, 300, 2, 1, 24, true, false, 0, 3, 0
220, 160, 60
700, 160, 0
93
2, 50, 210, 2, 10, 4
1, 2, 0, 0, 80, 110, 3, 0, 5, 300, 2, 1, 24, true, false, 0, 3, 0
140, 210, 60
700, 210, 0
93.5
2, 600, 200, 2, 10, 4
1, 2, 0, 0, 80, 110, 3, 0, 5, 300, 2, 1, 24, true, false, 0, 3, 0
310, 200, 60
0, 200, 0
94
2, 600, 230, 2, 10, 4
1, 2, 0, 0, 80, 110, 3, 0, 5, 300, 2, 1, 24, true, false, 0, 3, 0
300, 230, 60
0, 230, 0
94.5
2, 600, 220, 2, 10, 4
1, 2, 0, 0, 80, 110, 3, 0, 5, 300, 2, 1, 24, true, false, 0, 3, 0
450, 220, 60
0, 220, 0
95
2, 50, 230, 2, 10, 4
1, 2, 0, 0, 80, 110, 3, 0, 5, 300, 2, 1, 24, true, false, 0, 3, 0
280, 230, 60
700, 230, 0
95.5
2, 50, 170, 2, 10, 4
1, 2, 0, 0, 80, 110, 3, 0, 5, 300, 2, 1, 24, true, false, 0, 3, 0
280, 170, 60
700, 170, 0
96
2, 600, 180, 2, 10, 4
1, 2, 0, 0, 80, 110, 3, 0, 5, 300, 2, 1, 24, true, false, 0, 3, 0
450, 180, 60
0, 180, 0
96.5
2, 50, 180, 2, 10, 4
1, 2, 0, 0, 80, 110, 3, 0, 5, 300, 2, 1, 24, true, false, 0, 3, 0
300, 180, 60
700, 180, 0
97
2, 600, 150, 2, 10, 4
1, 2, 0, 0, 80, 110, 3, 0, 5, 300, 2, 1, 24, true, false, 0, 3, 0
500, 150, 60
0, 150, 0
97.5
2, 600, 160, 2, 10, 4
1, 2, 0, 0, 80, 110, 3, 0, 5, 300, 2, 1, 24, true, false, 0, 3, 0
480, 160, 60
0, 160, 0
98
2, 50, 150, 2, 10, 4
1, 2, 0, 0, 80, 110, 3, 0, 5, 300, 2, 1, 24, true, false, 0, 3, 0
150, 150, 60
700, 150, 0
98.5
2, 50, 160, 2, 10, 4
1, 2, 0, 0, 80, 110, 3, 0, 5, 300, 2, 1, 24, true, false, 0, 3, 0
220, 160, 60
700, 160, 0
99
2, 600, 240, 2, 10, 4
1, 2, 0, 0, 80, 110, 3, 0, 5, 300, 2, 1, 24, true, false, 0, 3, 0
350, 240, 60
0, 240, 0
99.5
2, 600, 210, 2, 10, 4
1, 2, 0, 0, 80, 110, 3, 0, 5, 300, 2, 1, 24, true, false, 0, 3, 0
350, 210, 60
0, 210, 0
100
2, 50, 170, 2, 10, 4
1, 2, 0, 0, 80, 110, 3, 0, 5, 300, 2, 1, 24, true, false, 0, 3, 0
280, 170, 60
700, 170, 0
100.5
2, 50, 180, 2, 10, 4
1, 2, 0, 0, 80, 110, 3, 0, 5, 300, 2, 1, 24, true, false, 0, 3, 0
300, 180, 60
700, 180, 0
101
2, 50, 190, 2, 10, 4
1, 2, 0, 0, 80, 110, 3, 0, 5, 300, 2, 1, 24, true, false, 0, 3, 0
240, 190, 60
700, 190, 0
101.5
2, 600, 170, 2, 10, 4
1, 2, 0, 0, 80, 110, 3, 0, 5, 300, 2, 1, 24, true, false, 0, 3, 0
330, 170, 60
0, 170, 0
102
2, 600, 190, 2, 10, 4
1, 2, 0, 0, 80, 110, 3, 0, 5, 300, 2, 1, 24, true, false, 0, 3, 0
390, 190, 60
0, 190, 0
102.5
2, 600, 200, 2, 10, 4
1, 2, 0, 0, 80, 110, 3, 0, 5, 300, 2, 1, 24, true, false, 0, 3, 0
310, 200, 60
0, 200, 0
103.5
2, 600, 230, 2, 10, 4
1, 2, 0, 0, 80, 110, 3, 0, 5, 300, 2, 1, 24, true, false, 0, 3, 0
300, 230, 60
0, 230, 0
104
2, 600, 220, 2, 10, 4
1, 2, 0, 0, 80, 110, 3, 0, 5, 300, 2, 1, 24, true, false, 0, 3, 0
450, 220, 60
0, 220, 0
104.5
2, 600, 180, 2, 10, 4
1, 2, 0, 0, 80, 110, 3, 0, 5, 300, 2, 1, 24, true, false, 0, 3, 0
450, 180, 60
0, 180, 0
105
2, 50, 190, 2, 10, 4
1, 2, 0, 0, 80, 110, 3, 0, 5, 300, 2, 1, 24, true, false, 0, 3, 0
240, 190, 60
700, 190, 0
105.5
2, 50, 150, 2, 10, 4
1, 2, 0, 0, 80, 110, 3, 0, 5, 300, 2, 1, 24, true, false, 0, 3, 0
150, 150, 60
700, 150, 0
106
2, 600, 150, 2, 10, 4
1, 2, 0, 0, 80, 110, 3, 0, 5, 300, 2, 1, 24, true, false, 0, 3, 0
500, 150, 60
0, 150, 0
106.5
2, 600, 160, 2, 10, 4
1, 2, 0, 0, 80, 110, 3, 0, 5, 300, 2, 1, 24, true, false, 0, 3, 0
480, 160, 60
0, 160, 0
107
2, 50, 200, 2, 10, 4
1, 2, 0, 0, 80, 110, 3, 0, 5, 300, 2, 1, 24, true, false, 0, 3, 0
190, 200, 60
700, 200, 0
107.5
2, 50, 240, 2, 10, 4
1, 2, 0, 0, 80, 110, 3, 0, 5, 300, 2, 1, 24, true, false, 0, 3, 0
180, 240, 60
700, 240, 0
108
2, 50, 220, 2, 10, 4
1, 2, 0, 0, 80, 110, 3, 0, 5, 300, 2, 1, 24, true, false, 0, 3, 0
200, 220, 60
700, 220, 0
109
2, 600, 240, 2, 10, 4
1, 2, 0, 0, 80, 110, 3, 0, 5, 300, 2, 1, 24, true, false, 0, 3, 0
350, 240, 60
0, 240, 0
117
1, 300, 150, false, 3
1000, 4
0, 2, 0, 0, 0, 4200, 3, 0, 15, 360, 30, 3, 23, false, true, 16, 0
0, 0, 0, 0, 180, 4200, 3, 0, 15, 360, 30, 3, 25, false, true, 16, 0
2, 1, 0, 0, 130, 4200, 4, 0, 360, 15, 1, true, 90, 60, 0
2, 3, 0, 0, 310, 4200, 4, 0, 360, 15, 1, true, 90, 60, 0
1000, 2
0, 2, 0, 0, 0, 4200, 5, 0, 15, 360, 20, 2, 23, false, true, 16, 0
0, 2, 0, 0, 180, 4200, 5, 0, 15, 360, 20, 2, 25, false, true, 16, 0
1000, 8
0, 0, -150, 200, 30, 4200, 3, 0, 4, 60, 10, 3, 90, false, true, 45, 1
0, 0, -200, 400, 20, 4200, 3, 0, 4, 60, 10, 3, 90, false, true, 45, 5
0, 0, 150, 200, 30, 4200, 3, 0, 4, 60, 10, 3, 90, false, true, 45, -1
0, 0, 200, 400, 20, 4200, 3, 0, 4, 60, 10, 3, 90, false, true, 45, -5
0, 0, 100, 100, 10, 4200, 3, 0, 4, 60, 10, 3, 90, false, true, 45, 0
0, 0, -100, 100, 10, 4200, 3, 0, 4, 60, 10, 3, 90, false, true, 45, 0
1, 5, 0, 0, 30, 4200, 1, 0, 5, 300, 3, 1, 30, true, false, 0, 2, 0
2, 3, 0, 0, 30, 4200, 4, 0, 300, 9, 1, true, 90, 45, 0